LOGNAME= proj.log
NCORES= 2
RESTARTNAME=
INSET= NGC_2903_FAT.fits
BOX=
OUTSET=  proj.fits
OUTCUBUP=  10000000.0
PROGRESSLOG=

BMIN= 48.315329
BMAJ= 57.416298
BPA= 0.0000000
RMS= 0.0032303454


NDISKS= 1
NUR= 13
    RADI= +0.00000E+00 +1.14833E+01 +6.88996E+01 +1.26316E+02 +1.83732E+02 +2.41148E+02 +2.98565E+02 +3.55981E+02 +4.13397E+02 +4.70814E+02 +5.28230E+02 +5.85646E+02 +6.43063E+02
    VROT= +0.00000E+00 +1.90000E+02
      Z0= +4.74172E+00
     SBR= 0.00031107900    0.00057868000    0.00035191000    0.00075236800    0.00012255500    0.00019462800    0.00031992200    0.00026305900    0.00013443400    0.00012934200    6.0859700e-05    2.1121200e-05    1.2570600e-05
    INCL= +6.00000E+01
      PA= +2.00000E+02
    XPOS= +1.42335939E+02
    YPOS= +2.17225068E+01
    VSYS= +5.54347E+02
    SDIS= 8.
 CONDISP= +3.50761E+00


  
LTYPE= 3

CFLUX= 1e-5

PENALTY= 1
WEIGHT= 0
RADSEP= 0.1
INTY= 2
INDINTY = 0
ISEED= 8981
INIMODE= 0

FITMODE= 2
LOOPS= 0
MAXITER=
CALLITE=70
SIZE= 10


VARY=  XPOS 1:8
VARINDX=
PARMAX=		       360
PARMIN=       	         0
MODERATE=     		 3
DELSTART=  	      1E-3
DELEND=	   	      1E-5
MINDELTA=  	      1E-5

REGPARA=

TABLE=
DISTANCE= 76.650000
REFRING= 5
BIGTABLE=
FRACTION=

TIRDEF= proj.def
TIRSMO=
TIRACC= 5
TIRLEN=

COOLGAL=
COOLBEAM=

TILT=
BIGTILT=

INCLINO=
IN_REFINE= 5

GR_CONT=
RESTARTID =
